list1 = [6,8,9,11,10] 
list2 = [13,16,19,22,24,25,25] 
list3 = [43,46,47,48,50,52,56] 
list4 = [55,57,60,61,64,65,68,74] 
list5 = [81,84,86,83,84,87] 
list6 = [45,47,50,49,46] 
list7 = [15,16,18,16,16] 
list8 = [79,80,81,79,80,83,85,89] 
list9 = [70,73,74,72,77] 
list10 = [78,80,81,81,83] 
list11 = [77,79,82,85,88,88,89,87] 
list12 = [74,75,75,78,80,82,82] 
list13 = [83,84,84,87,88,90,94] 
list14 = [9,11,14,16,16,21] 
list15 = [40,42,44,48,51,53,56] 
list16 = [71,74,78,81,80] 
list17 = [7,9,11,14,18,20,21,21] 
list18 = [74,77,81,82,83,87] 
list19 = [76,77,79,80,84,86,93] 
list20 = [62,63,69,72,75,77,78] 
list21 = [21,23,29,32,35,37,35] 
list22 = [85,87,88,94,94] 
list23 = [45,47,49,56,60] 
list24 = [45,46,51,54,56,61] 
list25 = [63,60,62,65,67,69] 
list26 = [39,37,40,43,44,45,46,45] 
list27 = [84,81,84,87,87] 
list28 = [93,91,93,95,99] 
list29 = [45,44,46,47,49,56] 
list30 = [72,69,68,69,72] 
list31 = [83,81,84,81,80] 
list32 = [4,3,5,7,6,8,10,10] 
list33 = [92,90,87,89,93] 
list34 = [46,45,47,44,47,48,49,54] 
list35 = [43,42,43,43,45] 
list36 = [18,15,15,17,20,21,19] 
list37 = [72,71,72,73,75,75,78,78] 
list38 = [49,46,47,49,51,51,52,56] 
list39 = [73,72,73,74,75,78,78,84] 
list40 = [52,49,53,55,57,60,62] 
list41 = [21,19,23,25,27,29,28] 
list42 = [80,77,78,81,85,86,88,88] 
list43 = [21,20,24,27,31] 
list44 = [37,35,39,42,48] 
list45 = [64,61,63,69,70,72,74,75] 
list46 = [84,83,85,88,94,91] 
list47 = [24,23,30,32,34,37,37] 
list48 = [70,69,70,75,79] 
list49 = [4,3,8,10,13,20] 
list50 = [13,13,15,17,18,19,21] 
list51 = [9,9,10,12,15,13] 
list52 = [50,50,53,55,57,60,62,62] 
list53 = [5,5,7,9,13] 
list54 = [43,43,45,47,48,50,55] 
list55 = [79,79,81,84,82,85,88] 
list56 = [92,92,95,93,96,95] 
list57 = [22,22,23,22,23,25,26,26] 
list58 = [84,84,85,83,87] 
list59 = [72,72,70,71,72,78] 
list60 = [17,17,19,19,20,21,24] 
list61 = [41,41,44,47,47,44] 
list62 = [31,31,31,32,34,35,35] 
list63 = [7,7,9,12,12,14,18] 
list64 = [21,21,21,22,29] 
list65 = [83,83,85,86,88,92,94,97] 
list66 = [26,26,27,30,33,37,35] 
list67 = [28,28,32,35,35] 
list68 = [82,82,85,88,92,96] 
list69 = [6,6,10,12,18] 
list70 = [83,83,88,89,90,92,95] 
list71 = [19,19,24,26,28,27] 
list72 = [41,41,48,49,49] 
list73 = [25,25,32,33,34,36,40] 
list74 = [28,28,29,30,33,36,43,50] 
list75 = [83,87,89,90,93,96,99] 
list76 = [46,50,53,54,55,58,59,56] 
list77 = [65,69,70,73,76,78,78] 
list78 = [67,71,72,75,77,78,82] 
list79 = [82,86,87,89,96] 
list80 = [81,85,86,88,91,93,92,94] 
list81 = [59,63,66,67,65,67,64] 
list82 = [16,20,19,20,20] 
list83 = [89,93,96,93,97] 
list84 = [70,74,72,74,77,83] 
list85 = [7,11,13,14,14,15,16] 
list86 = [26,30,31,33,36,39,39,38] 
list87 = [55,59,62,64,64,66,66] 
list88 = [30,34,35,35,38,40,43,47] 
list89 = [5,9,9,12,15,22] 
list90 = [43,47,49,52,53,54,58,61] 
list91 = [38,42,46,48,51,53,50] 
list92 = [1,5,6,10,10] 
list93 = [9,13,17,20,21,23,27] 
list94 = [28,32,36,39,40,43,48] 
list95 = [23,27,33,36,38,40,41] 
list96 = [51,55,57,63,61] 
list97 = [64,68,70,77,78,81,83,83] 
list98 = [22,26,29,32,37,41] 
list99 = [80,84,90,92,93,99] 
list100 = [57,63,66,68,70] 
list101 = [75,82,84,85,86,85] 
list102 = [52,58,61,62,62] 
list103 = [49,56,59,61,63,66,70] 
list104 = [33,39,40,42,45,46,53] 
list105 = [71,77,75,76,77] 
list106 = [73,79,76,79,82,84,82] 
list107 = [53,58,60,62,64,63,63] 
list108 = [47,54,51,53,55,58,60,64] 
list109 = [70,77,74,76,83] 
list110 = [41,46,46,48,49] 
list111 = [26,31,33,33,32] 
list112 = [82,89,91,91,92,92] 
list113 = [54,60,60,61,65] 
list114 = [20,25,26,26,31] 
list115 = [49,56,57,61,62,65] 
list116 = [60,65,68,70,72,76,77,75] 
list117 = [8,13,16,20,22,24,27,27] 
list118 = [17,24,25,29,31,35] 
list119 = [74,79,83,86,93] 
list120 = [5,11,14,21,22,25,28] 
list121 = [48,53,55,61,64,67,69,68] 
list122 = [68,73,74,80,82,82] 
list123 = [9,14,19,20,21,25] 
list124 = [10,15,22,24,29] 
list125 = [68,65,63,61,59,60] 
list126 = [25,24,21,20,20] 
list127 = [71,69,66,65,62,58] 
list128 = [77,76,73,71,64] 
list129 = [83,80,81,79,78,75] 
list130 = [20,17,20,19,18,20] 
list131 = [70,67,65,64,66,66] 
list132 = [93,92,94,92,88] 
list133 = [75,72,69,70,68,61] 
list134 = [12,10,7,7,5,4,2] 
list135 = [63,62,59,59,62] 
list136 = [18,17,14,13,12,12,10,10] 
list137 = [82,80,78,78,75,71] 
list138 = [26,24,23,23,18] 
list139 = [49,47,43,42,39,36,34,33] 
list140 = [50,49,46,42,39,41] 
list141 = [38,35,31,29,27,25,25] 
list142 = [15,14,10,7,5,1] 
list143 = [69,66,64,60,59,56,55,49] 
list144 = [77,75,73,67,64,62] 
list145 = [95,93,90,87,81,82] 
list146 = [14,13,12,10,9,4,4] 
list147 = [62,59,56,49,46,42] 
list148 = [47,44,37,34,32,30,29,24] 
list149 = [79,81,78,75,72,70,67,65] 
list150 = [62,64,63,60,58,59] 
list151 = [66,67,66,64,63,61,61] 
list152 = [38,39,38,36,34,30] 
list153 = [39,42,41,39,38,37,34,27] 
list154 = [58,61,58,55,53,52,53,52] 
list155 = [82,85,87,85,88] 
list156 = [25,26,27,25,23,21,21] 
list157 = [87,89,91,88,87,86,84,80] 
list158 = [34,35,33,34,32,27] 
list159 = [85,88,85,84,84,83] 
list160 = [14,16,16,14,15] 
list161 = [16,18,15,12,12,10,10] 
list162 = [55,57,54,52,52,48] 
list163 = [71,74,73,73,72,67] 
list164 = [25,28,24,21,19,16] 
list165 = [59,62,60,56,55,53,52,54] 
list166 = [55,57,53,50,47,45,44,44] 
list167 = [34,37,34,33,32,28,24] 
list168 = [84,87,83,80,78,76,73,66] 
list169 = [23,25,23,17,15] 
list170 = [75,78,76,74,73,70,65,68] 
list171 = [24,25,19,17,17] 
list172 = [95,98,92,91,87] 
list173 = [91,92,90,83,77] 
list174 = [45,45,44,43,42] 
list175 = [88,88,85,82,79,78,75,77] 
list176 = [55,55,54,53,50,50] 
list177 = [73,73,70,67,64,60] 
list178 = [97,97,94,92,91,84] 
list179 = [7,7,6,3,4,3] 
list180 = [71,71,70,67,65,66,67] 
list181 = [69,69,70,67,64,61,60,60] 
list182 = [20,20,18,16,14,16,15,11] 
list183 = [39,39,36,38,35,33,30,25] 
list184 = [42,42,42,40,38,36] 
list185 = [49,49,46,46,44,43,45] 
list186 = [19,19,17,15,15,13,13] 
list187 = [81,81,81,78,76,75,71] 
list188 = [20,20,17,17,14,12,11,5] 
list189 = [74,74,73,69,68,66,63] 
list190 = [68,68,65,61,58,61] 
list191 = [44,44,40,37,34,34] 
list192 = [60,60,59,55,53,49] 
list193 = [38,38,36,32,30,23] 
list194 = [70,70,68,62,61,58] 
list195 = [51,51,49,48,41,39,41] 
list196 = [28,28,25,19,18,18] 
list197 = [19,19,12,9,8,4] 
list198 = [83,83,76,73,67] 
list199 = [66,62,59,56,55,53] 
list200 = [19,15,14,13,15] 
list201 = [78,74,72,69,67,66,66] 
list202 = [93,89,88,87,84,82,78] 
list203 = [92,88,87,86,85,83,80,73] 
list204 = [84,80,82,80,78,76] 
list205 = [71,67,69,66,67] 
list206 = [84,80,78,81,81] 
list207 = [25,21,18,17,16,18,14] 
list208 = [57,53,55,54,47] 
list209 = [18,14,14,11,10] 
list210 = [66,62,59,58,55,55,58] 
list211 = [79,75,74,74,74] 
list212 = [67,63,60,60,59,56,52] 
list213 = [49,45,42,40,38,37,37,31] 
list214 = [94,90,87,85,81,79] 
list215 = [30,26,23,22,21,17,19] 
list216 = [75,71,68,65,63,60,56,56] 
list217 = [97,93,91,90,86,83,79] 
list218 = [23,19,18,14,12,6] 
list219 = [93,89,88,82,79,77,74] 
list220 = [57,53,52,50,47,42,45] 
list221 = [41,37,34,32,27,27] 
list222 = [96,92,91,86,84,81,80,76] 
list223 = [57,53,47,44,41,39,33] 
list224 = [49,43,41,39,38,37,35] 
list225 = [44,38,37,35,38] 
list226 = [24,18,16,13,11,11] 
list227 = [67,61,58,57,55,51] 
list228 = [60,55,53,52,46] 
list229 = [49,44,46,44,41] 
list230 = [16,9,10,8,5,7] 
list231 = [27,21,20,21,19,16,16] 
list232 = [20,15,13,16,13,9] 
list233 = [91,84,87,86,81] 
list234 = [60,55,52,49,49,46,45] 
list235 = [16,9,7,5,4,4,3,5] 
list236 = [94,88,88,86,83,83] 
list237 = [84,77,76,76,73,70,68,64] 
list238 = [65,59,57,55,52,49,49,42] 
list239 = [47,41,38,36,32,30] 
list240 = [24,19,18,14,12,14] 
list241 = [43,38,36,32,32] 
list242 = [78,71,68,64,62,58] 
list243 = [38,31,27,26,20] 
list244 = [30,24,23,18,16,13] 
list245 = [61,55,52,45,42,39,37,40] 
list246 = [30,24,23,22,17,15,15] 
list247 = [75,69,64,62,60,57,55,51] 
list248 = [94,89,86,80,78,71] 
list249 = [13,15,18,21,19] 
list250 = [20,22,23,26,29,29] 
list251 = [41,43,46,49,53] 
list252 = [27,30,31,32,39] 
list253 = [18,21,23,22,23,26,28] 
list254 = [64,66,69,66,68,69,71,68] 
list255 = [15,18,21,19,21,24,24] 
list256 = [76,78,80,77,81] 
list257 = [60,61,62,64,63,64,70] 
list258 = [13,16,17,17,20,21] 
list259 = [66,69,72,72,75,74] 
list260 = [14,16,16,17,17] 
list261 = [5,6,6,8,12] 
list262 = [1,3,6,6,12] 
list263 = [64,67,71,74,75,78,81,83] 
list264 = [20,22,24,26,30,33,35,34] 
list265 = [29,31,35,37,37] 
list266 = [31,32,36,37,40,42,46] 
list267 = [59,62,65,69,72,74,77,82] 
list268 = [77,78,83,84,85,88,91] 
list269 = [72,74,76,82,83,85,83] 
list270 = [12,13,15,21,21] 
list271 = [63,65,68,70,76,80] 
list272 = [42,44,47,48,53,54,55,60] 
list273 = [43,41,43,45,46,49] 
list274 = [38,36,39,40,41,40] 
list275 = [16,15,16,17,17] 
list276 = [29,27,29,32,35,39] 
list277 = [28,25,27,30,33,38] 
list278 = [44,41,43,40,42,44,46] 
list279 = [72,70,71,70,72,70] 
list280 = [83,80,78,81,83,85,88,88] 
list281 = [43,41,43,45,46,49,47,51] 
list282 = [69,66,65,66,67,68,74] 
list283 = [31,28,31,31,34] 
list284 = [66,64,67,70,70,71,68] 
list285 = [86,83,83,86,87,89,89] 
list286 = [76,74,74,76,79,82,86] 
list287 = [6,3,3,4,10] 
list288 = [43,42,43,44,47,49,53,55] 
list289 = [64,62,64,68,65] 
list290 = [61,59,62,64,65,69,72,72] 
list291 = [87,85,88,92,96] 
list292 = [48,46,50,53,60] 
list293 = [12,10,15,17,19,20] 
list294 = [26,25,27,29,30,37,34] 
list295 = [25,22,25,27,32,33,35,35] 
list296 = [55,53,55,62,65,67,70,74] 
list297 = [79,78,80,87,89,96] 
list298 = [58,58,61,62,64,66,68] 
list299 = [66,66,68,71,73,75,72] 
list300 = [30,30,32,33,34,37,37] 
list301 = [30,30,33,36,38,40,44] 
list302 = [78,78,80,81,83,90] 
list303 = [56,56,59,62,65,63,64,66] 
list304 = [38,38,39,40,37,39,41,40] 
list305 = [79,79,77,79,82,84,87,87] 
list306 = [21,21,19,21,22,24,28] 
list307 = [23,23,22,25,31] 
list308 = [68,68,70,72,72,75] 
list309 = [21,21,22,22,23,25,23] 
list310 = [22,22,25,26,26,28,28] 
list311 = [84,84,84,87,90,92,96] 
list312 = [76,76,79,79,85] 
list313 = [26,26,28,32,34,36,38,40] 
list314 = [15,15,17,21,19] 
list315 = [59,59,62,65,69,71,71] 
list316 = [30,30,32,35,38,42,43,47] 
list317 = [53,53,54,55,59,64] 
list318 = [28,28,30,37,38] 
list319 = [57,57,64,67,66] 
list320 = [65,65,66,69,74,74] 
list321 = [49,49,55,56,60] 
list322 = [39,39,41,42,49,56] 
list323 = [77,81,83,84,86,89,91] 
list324 = [12,16,18,19,22,24,22] 
list325 = [24,28,30,33,35,38,41,41] 
list326 = [85,89,91,93,95,99] 
list327 = [1,5,6,9,11,18] 
list328 = [66,70,72,74,75,77,75,76] 
list329 = [67,71,72,74,76,73,70] 
list330 = [2,6,8,11,12,9,9] 
list331 = [52,56,53,55,56,60] 
list332 = [15,19,22,21,28] 
list333 = [71,75,77,77,80,83] 
list334 = [16,20,22,22,25,23] 
list335 = [18,22,25,26,26,26] 
list336 = [8,12,12,14,15,18,19,23] 
list337 = [53,57,60,63,63,64,66,72] 
list338 = [37,41,44,48,50] 
list339 = [32,36,38,42,44,47,46] 
list340 = [3,7,9,11,13,17,17] 
list341 = [72,76,80,83,87] 
list342 = [61,65,68,70,72,76,77,82] 
list343 = [35,39,41,48,51,53] 
list344 = [80,84,85,92,94,95,94] 
list345 = [17,21,24,31,31] 
list346 = [61,65,70,73,76,80] 
list347 = [34,38,41,44,50,51,58] 
list348 = [22,27,30,31,33,36,39,42] 
list349 = [51,58,59,60,63,61] 
list350 = [35,41,42,44,45,46,49,49] 
list351 = [77,83,85,87,89,93] 
list352 = [14,20,23,24,25,27,32] 
list353 = [28,34,36,37,39,36,38] 
list354 = [62,69,71,70,68] 
list355 = [79,84,81,82,85,86,86] 
list356 = [63,69,71,68,70,74] 
list357 = [18,24,21,22,23,28] 
list358 = [76,81,82,83,83,84,86,87] 
list359 = [62,69,72,72,69] 
list360 = [79,84,84,87,90,90] 
list361 = [4,10,11,11,15] 
list362 = [46,52,55,56,56,58,63] 
list363 = [58,65,68,72,73] 
list364 = [44,50,53,55,59,56] 
list365 = [67,72,76,79,81,83,84,84] 
list366 = [64,70,72,76,77,79,80,84] 
list367 = [14,21,25,27,29,35] 
list368 = [11,16,18,19,25,27,30] 
list369 = [26,32,34,41,39] 
list370 = [18,25,26,29,35,35] 
list371 = [15,22,28,29,32,33,37] 
list372 = [74,81,82,88,95] 
list373 = [56,53,52,51,50,48,51] 
list374 = [11,9,6,3,3] 
list375 = [42,39,36,35,31] 
list376 = [67,64,62,60,54] 
list377 = [9,6,9,8,5] 
list378 = [38,35,33,36,35,36] 
list379 = [59,57,56,53,55,55] 
list380 = [97,96,94,92,93,89] 
list381 = [88,87,86,87,86,81] 
list382 = [40,37,37,34,31] 
list383 = [29,28,28,27,26,29] 
list384 = [91,89,87,84,84,84] 
list385 = [85,84,84,81,77] 
list386 = [16,14,11,11,5] 
list387 = [95,94,91,90,86,83] 
list388 = [40,39,38,37,33,35] 
list389 = [32,31,27,26,26] 
list390 = [22,20,16,13,9] 
list391 = [32,29,27,25,24,20,19,14] 
list392 = [60,57,55,50,48] 
list393 = [28,25,22,20,13,10,8,9] 
list394 = [45,43,42,36,33,30,30] 
list395 = [89,88,86,79,77,76,73,69] 
list396 = [27,26,19,16,13,10,3] 
list397 = [21,24,23,21,20,19,18] 
list398 = [32,35,32,30,28,27,29] 
list399 = [68,71,68,65,63,60,59,59] 
list400 = [58,59,58,57,53] 
list401 = [43,46,44,43,40,38,35,28] 
list402 = [9,11,12,10,7] 
list403 = [85,86,83,80,77,80,77,78] 
list404 = [8,10,8,7,5,6,6] 
list405 = [53,56,53,52,53,49] 
list406 = [24,27,25,23,20,22,20,15] 
list407 = [12,15,14,14,13,10] 
list408 = [53,54,53,50,50,47,44,45] 
list409 = [36,38,35,35,34,33,31,31] 
list410 = [36,39,39,37,33] 
list411 = [71,72,72,71,69,64] 
list412 = [11,13,11,10,6,4] 
list413 = [52,53,49,48,50] 
list414 = [59,61,59,55,54,54] 
list415 = [82,84,81,77,76,73,71,67] 
list416 = [56,57,54,53,49,46,44,37] 
list417 = [64,66,65,60,57] 
list418 = [65,67,64,58,57,56,59] 
list419 = [90,92,85,84,81,78,78] 
list420 = [43,45,44,42,36,32] 
list421 = [27,29,26,24,23,20,14,9] 
list422 = [53,53,51,49,47,44,42,39] 
list423 = [85,85,82,81,79,76,75,78] 
list424 = [51,51,50,48,46,46] 
list425 = [78,78,75,73,71,69,67,63] 
list426 = [36,36,33,31,29,22] 
list427 = [73,73,71,74,71] 
list428 = [16,16,13,11,13,14] 
list429 = [64,64,61,62,62] 
list430 = [53,53,55,52,48] 
list431 = [48,48,49,48,41] 
list432 = [28,28,26,26,25] 
list433 = [48,48,46,43,43,42,45] 
list434 = [77,77,74,72,71,71,68,68] 
list435 = [36,36,33,31,31,30,28,24] 
list436 = [26,26,23,23,17] 
list437 = [89,89,86,82,79,76,75] 
list438 = [14,14,13,12,8,6,8] 
list439 = [88,88,84,81,80,80] 
list440 = [55,55,54,50,47,43] 
list441 = [99,99,95,92,89,86,84,78] 
list442 = [56,56,54,47,44] 
list443 = [18,18,16,14,8,7,8] 
list444 = [87,87,80,79,78,76,74,74] 
list445 = [86,86,81,78,76,72] 
list446 = [87,87,84,77,75,73,66] 
list447 = [82,78,76,73,70,69,68] 
list448 = [38,34,32,30,27,25,24,25] 
list449 = [64,60,59,56,55,55] 
list450 = [50,46,45,44,42,38] 
list451 = [21,17,14,11,9,3] 
list452 = [39,35,34,32,34,31] 
list453 = [73,69,67,64,61,58,59,62] 
list454 = [23,19,16,14,17,17] 
list455 = [22,18,19,17,13] 
list456 = [27,23,21,19,21,18,17,12] 
list457 = [60,56,55,53,50,50,49] 
list458 = [21,17,14,14,17] 
list459 = [61,57,57,55,53,52,52] 
list460 = [89,85,83,82,82,81,79,75] 
list461 = [90,86,84,84,78] 
list462 = [52,48,46,42,39] 
list463 = [85,81,79,78,74,72,69,72] 
list464 = [40,36,34,31,28,24,24] 
list465 = [89,85,81,79,76,74,70] 
list466 = [43,39,35,32,29,27,22] 
list467 = [45,41,35,34,33,32,30,28] 
list468 = [74,70,68,62,64] 
list469 = [92,88,86,81,79,76,73,73] 
list470 = [71,67,64,63,57,56,52] 
list471 = [93,89,88,81,80,75] 
list472 = [27,21,18,16,14] 
list473 = [18,11,10,9,8,6,7] 
list474 = [80,75,73,71,71] 
list475 = [27,21,19,17,15,12,10,6] 
list476 = [43,38,36,34,33,28] 
list477 = [71,64,63,64,62] 
list478 = [97,91,89,88,87,88,89] 
list479 = [68,63,60,63,61,61] 
list480 = [17,11,13,10,9,7,5,1] 
list481 = [64,57,55,57,55,53,47] 
list482 = [73,66,63,60,59,59,56,53] 
list483 = [27,22,21,20,19,16,16,19] 
list484 = [31,25,25,24,24] 
list485 = [34,28,28,25,24,20] 
list486 = [73,68,65,65,64,59] 
list487 = [67,62,59,55,54,51,48,46] 
list488 = [76,70,68,64,61,58,60] 
list489 = [83,76,75,71,71] 
list490 = [76,71,69,68,64,60] 
list491 = [42,35,32,31,27,24,21,14] 
list492 = [52,46,44,43,36,33] 
list493 = [69,62,56,53,52,49,51] 
list494 = [23,18,12,10,9,7,7] 
list495 = [74,67,64,62,56,52] 
list496 = [28,21,15,12,9,2] 
list497 = [48,49,50,51,49] 
list498 = [48,51,52,53,54,56,56] 
list499 = [61,64,67,70,74] 
list500 = [14,17,20,23,29] 
list501 = [11,13,10,13,16] 
list502 = [26,28,31,30,33,30] 
list503 = [17,20,22,19,19] 
list504 = [59,61,63,65,62,66] 
list505 = [64,66,67,70,67,70,71,76] 
list506 = [20,22,22,25,28,31] 
list507 = [82,84,85,85,87,90,87] 
list508 = [32,33,36,37,37,39,41,41] 
list509 = [30,33,36,38,40,42,42,46] 
list510 = [83,85,86,89,92,92,93,99] 
list511 = [13,14,15,19,22,23,25] 
list512 = [20,21,25,28,26] 
list513 = [17,19,22,26,26] 
list514 = [35,36,40,42,45,49] 
list515 = [19,22,23,24,28,34] 
list516 = [37,39,40,46,49] 
list517 = [74,76,78,84,81] 
list518 = [23,25,28,35,35] 
list519 = [82,83,89,90,92,96] 
list520 = [39,41,47,48,53] 
list521 = [26,24,26,29,30,31,33,34] 
list522 = [8,7,10,11,9] 
list523 = [38,37,39,40,41,41] 
list524 = [39,38,40,42,46] 
list525 = [68,66,69,70,72,78] 
list526 = [60,57,59,60,58,61,62] 
list527 = [62,60,61,59,58] 
list528 = [11,10,12,14,13,13] 
list529 = [63,62,61,64,67,71] 
list530 = [89,86,85,88,90,91,97] 
list531 = [34,32,32,33,35] 
list532 = [16,14,14,17,18,19,18] 
list533 = [20,17,20,22,25,28,28,28] 
list534 = [6,5,6,6,10] 
list535 = [20,17,18,18,20,25] 
list536 = [20,19,22,26,29,32,35] 
list537 = [59,56,59,62,65,69,66] 
list538 = [72,70,71,75,76,79,82,82] 
list539 = [30,29,32,36,40] 
list540 = [80,79,83,86,93] 
list541 = [25,24,31,32,34,35,36] 
list542 = [12,9,14,16,13] 
list543 = [26,23,29,32,35,36,36] 
list544 = [23,22,27,28,32] 
list545 = [71,68,74,77,80,83,89] 
list546 = [81,81,84,87,90,93,95,97] 
list547 = [66,66,67,69,72,73,75,73] 
list548 = [75,75,76,78,80,82,82] 
list549 = [15,15,16,18,21,25] 
list550 = [51,51,53,56,61] 
list551 = [74,74,71,72,75] 
list552 = [34,34,36,35,32] 
list553 = [41,41,44,43,43] 
list554 = [72,72,69,71,75] 
list555 = [51,51,52,53,51,57] 
list556 = [53,53,55,58,59,59,61] 
list557 = [1,1,4,4,7,4] 
list558 = [76,76,79,79,82,83,83] 
list559 = [2,2,4,4,7,8,12] 
list560 = [85,85,86,88,88,93] 
list561 = [57,57,59,63,66,67] 
list562 = [65,65,68,69,71,72,76,75] 
list563 = [71,71,75,78,80,80] 
list564 = [29,29,33,36,40] 
list565 = [63,63,65,69,70,73,74,81] 
list566 = [11,11,17,18,21,24] 
list567 = [79,79,82,84,90,91,93,91] 
list568 = [15,15,20,23,25,25] 
list569 = [76,76,78,80,86,88,91,95] 
list570 = [38,38,39,46,51] 
list571 = [47,51,53,54,55] 
list572 = [33,37,38,41,40] 
list573 = [6,10,13,15,15] 
list574 = [50,54,56,59,60,62,66] 
list575 = [1,5,6,9,14] 
list576 = [44,48,46,48,50,52] 
list577 = [34,38,40,41,42,43,40,37] 
list578 = [77,81,82,83,82,83,83] 
list579 = [17,21,22,23,21,22,26] 
list580 = [74,78,80,78,80,83,88] 
list581 = [47,51,51,52,54,56] 
list582 = [65,69,72,74,75,75,77,76] 
list583 = [56,60,63,63,64,66,68,68] 
list584 = [53,57,58,59,59,61,65] 
list585 = [30,34,35,37,39,39,42,47] 
list586 = [72,76,78,82,85,88,89] 
list587 = [56,60,64,65,68,66] 
list588 = [83,87,90,94,94] 
list589 = [12,16,20,22,25,29] 
list590 = [45,49,53,56,63] 
list591 = [67,71,78,79,80,81,82] 
list592 = [75,79,82,84,89,92,91] 
list593 = [49,53,55,58,61,62,69,69] 
list594 = [58,62,64,69,70,73,76,80] 
list595 = [48,52,57,60,61,62,63,69] 
list596 = [45,52,54,56,58,60] 
list597 = [13,19,21,24,23] 
list598 = [25,31,32,33,34,37,37] 
list599 = [76,82,83,85,86,88,92] 
list600 = [48,55,56,58,64] 
list601 = [16,22,23,21,24,25,28] 
list602 = [25,32,34,36,35,32] 
list603 = [11,18,19,16,17,19,19] 
list604 = [25,31,32,34,37,40,38,42] 
list605 = [15,20,22,20,26] 
list606 = [67,72,75,75,76,79] 
list607 = [26,31,32,34,35,35,32] 
list608 = [71,77,80,81,83,85,85,85] 
list609 = [44,49,52,52,56] 
list610 = [66,71,71,72,73,76,78,83] 
list611 = [54,60,64,66,68,71,73] 
list612 = [36,42,45,46,50,52,49] 
list613 = [79,84,87,90,92,96,96] 
list614 = [30,37,40,42,44,45,49,53] 
list615 = [36,41,45,47,53] 
list616 = [45,52,59,61,63] 
list617 = [11,18,20,27,28,26] 
list618 = [16,21,28,31,31] 
list619 = [13,19,20,26,28,29,30,34] 
list620 = [56,61,62,65,72,75,82] 
list621 = [20,18,16,15,16] 
list622 = [37,34,33,32,31,30,30] 
list623 = [50,49,46,45,42,38] 
list624 = [61,58,55,53,51,48,43] 
list625 = [72,69,68,71,70,67,65] 
list626 = [13,10,11,9,8,7,10] 
list627 = [64,63,61,62,62] 
list628 = [48,46,47,46,42] 
list629 = [44,42,43,41,40,33] 
list630 = [11,8,8,5,2] 
list631 = [94,91,91,88,89] 
list632 = [47,46,43,43,40,40] 
list633 = [93,90,87,87,83] 
list634 = [25,23,20,18,18,12] 
list635 = [83,82,79,75,72] 
list636 = [38,35,32,29,25,23,24] 
list637 = [77,76,74,70,68,66,66] 
list638 = [85,83,81,78,77,75,71,67] 
list639 = [49,48,47,43,42,36] 
list640 = [79,78,75,73,72,70,63,61] 
list641 = [32,29,27,24,18,19] 
list642 = [48,47,40,38,38] 
list643 = [56,53,50,49,42,39,35] 
list644 = [25,22,21,20,15,8] 
list645 = [59,61,58,57,55,54] 
list646 = [64,67,64,61,60,58,61] 
list647 = [21,23,22,20,19,16,16] 
list648 = [68,69,67,65,64,60] 
list649 = [21,23,21,20,17,15,12,5] 
list650 = [11,12,10,7,8,6,4,3] 
list651 = [94,96,93,95,98] 
list652 = [77,79,77,78,75,72,72] 
list653 = [23,24,21,19,20,19,15] 
list654 = [32,34,33,34,27] 
list655 = [15,17,17,16,15] 
list656 = [34,37,35,32,31,31,33] 
list657 = [24,25,22,20,19,19,19] 
list658 = [15,18,15,15,13,11,7] 
list659 = [88,90,90,89,86,85,83,76] 
list660 = [81,84,81,77,74,72,69] 
list661 = [50,53,50,46,49] 
list662 = [51,53,49,48,48] 
list663 = [52,53,49,46,44,41,38,34] 
list664 = [57,60,58,55,51,48,41] 
list665 = [87,89,88,82,79] 
list666 = [64,65,64,61,54,55] 
list667 = [95,96,93,90,83,81,78,78] 
list668 = [17,20,18,11,9,6,5,1] 
list669 = [42,45,38,36,29] 
list670 = [48,48,47,44,41,40] 
list671 = [21,21,18,16,13,12,10,13] 
list672 = [64,64,63,60,57,57] 
list673 = [19,19,17,14,11,8,6,2] 
list674 = [18,18,15,13,8] 
list675 = [97,97,99,98,95,94] 
list676 = [42,42,40,42,40,38,39] 
list677 = [5,5,8,6,4,4] 
list678 = [66,66,64,63,61,64,62,58] 
list679 = [18,18,16,18,16,15,13,6] 
list680 = [23,23,23,20,17,16] 
list681 = [41,41,41,38,40] 
list682 = [36,36,34,31,28,28,28] 
list683 = [70,70,70,68,65,64,62,58] 
list684 = [21,21,19,19,14] 
list685 = [66,66,62,61,59,56,54,53] 
list686 = [78,78,74,71,68,67,66,68] 
list687 = [81,81,80,78,74,73,71,71] 
list688 = [69,69,68,64,60] 
list689 = [68,68,66,62,60,57,55,48] 
list690 = [55,55,48,45,43,42,40,38] 
list691 = [23,23,21,14,15] 
list692 = [61,61,60,57,56,51,51] 
list693 = [66,66,64,62,60,54,50] 
list694 = [96,96,90,87,81] 
list695 = [39,35,33,31,30,28,25] 
list696 = [35,31,28,26,23,26] 
list697 = [83,79,78,77,75,72,72] 
list698 = [42,38,37,35,31] 
list699 = [50,46,44,43,40,38,37,31] 
list700 = [74,70,69,71,69,68,65,63] 
list701 = [97,93,90,93,96] 
list702 = [43,39,38,35,38,35,35] 
list703 = [60,56,59,57,53] 
list704 = [87,83,82,85,83,77] 
list705 = [28,24,22,22,19,17] 
list706 = [52,48,48,45,48] 
list707 = [16,12,9,9,8,6,6] 
list708 = [94,90,88,86,86,84,81,77] 
list709 = [87,83,83,80,78,77,71] 
list710 = [66,62,61,57,56] 
list711 = [36,32,28,25,24,21,24] 
list712 = [64,60,59,56,52,52] 
list713 = [73,69,68,65,63,62,58,54] 
list714 = [76,72,68,67,65,62,56] 
list715 = [33,29,24,21,18] 
list716 = [94,90,88,81,83] 
list717 = [30,26,21,20,20] 
list718 = [42,38,36,30,26] 
list719 = [47,43,38,35,28] 
list720 = [40,35,32,31,28,25] 
list721 = [87,82,80,77,76,75,76] 
list722 = [16,10,8,5,2,2] 
list723 = [29,24,23,20,18,15,12,8] 
list724 = [57,50,48,45,40] 
list725 = [58,52,54,53,50,49] 
list726 = [86,80,77,78,76,73,75] 
list727 = [75,70,67,69,69] 
list728 = [66,60,57,58,55,54,51,47] 
list729 = [38,32,30,29,31,24] 
list730 = [54,47,45,43,43,41] 
list731 = [74,69,67,67,70] 
list732 = [52,47,44,44,41,39,37,37] 
list733 = [36,31,29,26,26,24,20] 
list734 = [32,26,25,23,22,22,21,16] 
list735 = [34,28,25,21,19] 
list736 = [86,80,76,73,75] 
list737 = [65,58,54,51,50,49,49] 
list738 = [50,43,41,38,37,35,31,27] 
list739 = [35,28,24,21,18,11] 
list740 = [34,27,20,18,16] 
list741 = [14,9,8,3,6] 
list742 = [63,57,56,49,49] 
list743 = [94,88,85,79,77,73] 
list744 = [70,65,60,57,56,55,52,45] 
list745 = [69,69,66,65,64,67,66,66] 
list746 = [62,64,66,66,63] 
list747 = [82,80,78,76,72,74] 
list748 = [90,92,92,93,94] 
list749 = [69,67,64,62,60] 
list750 = [42,45,47,48,51] 
list751 = [36,39,42,43,46,49,52] 
list752 = [13,10,9,7,5] 
list753 = [25,26,28,29,31,33,35,38] 
list754 = [14,13,12,9,7,4,2] 
list755 = [65,68,70,72,75,77] 
list756 = [23,26,28,29,31,34,35,37] 
list757 = [17,14,12,9,7,6,4,2] 
list758 = [33,34,37,38,41] 
list759 = [37,36,33,30,27] 
list760 = [5,8,9,10,12] 
list761 = [63,61,58,57,54] 
list762 = [23,25,28,31,33,35,38,39] 
list763 = [13,10,7,6,4] 
list764 = [86,88,90,91,92,94] 
list765 = [55,54,53,51,50,48,46] 
list766 = [33,30,27,24,21,18] 
list767 = [65,67,70,73,74,75,78] 
list768 = [53,51,48,45,43,40,37] 
list769 = [94,92,91,89,87,86,83] 
list770 = [69,71,74,75,76] 
list771 = [72,74,77,79,81,82,84,85] 
list772 = [21,18,17,14,11] 
list773 = [18,17,14,12,9] 
list774 = [88,91,92,94,96,99] 
list775 = [12,9,6,5,2] 
list776 = [68,65,62,61,60,57,55,53] 
list777 = [30,27,25,22,19,18,17] 
list778 = [34,37,39,42,44,47,49,51] 
list779 = [71,74,77,80,81,84,87] 
list780 = [29,28,25,23,20,17,14,12] 
list781 = [53,54,57,58,59] 
list782 = [23,21,19,17,16,15] 
list783 = [31,34,36,37,39,41,42,44] 
list784 = [58,61,64,66,68,70,72] 
list785 = [3,4,6,9,10,13,15] 
list786 = [64,63,60,58,56,54,53,52] 
list787 = [75,77,78,80,81,83,86,88] 
list788 = [61,63,65,66,68,71,73] 
list789 = [20,23,24,26,28,30,33] 
list790 = [18,15,12,10,7] 
list791 = [50,48,45,43,40,39,37,36] 
list792 = [48,47,45,42,41,39] 
list793 = [7,10,11,13,14,17,18] 
list794 = [25,22,19,18,16,14,12,11] 
list795 = [53,50,47,45,42] 
list796 = [57,58,59,60,62,64,65] 
list797 = [38,41,42,43,44,46,47] 
list798 = [50,53,56,57,60,62,64] 
list799 = [86,83,81,78,76,74,72,69] 
list800 = [60,61,64,66,68,69,71,73] 
list801 = [13,16,18,19,22,25,26,27] 
list802 = [77,79,81,84,85] 
list803 = [81,79,78,76,73,71] 
list804 = [32,34,37,40,42] 
list805 = [89,88,87,85,84,83] 
list806 = [59,62,65,67,68,70,73,74] 
list807 = [54,57,58,60,63] 
list808 = [34,32,31,29,27,24,21] 
list809 = [43,45,46,49,51] 
list810 = [76,78,79,80,82,84] 
list811 = [36,34,32,30,27] 
list812 = [23,24,25,28,29] 
list813 = [19,22,25,28,30,33,35] 
list814 = [61,59,57,54,52,50] 
list815 = [23,24,25,27,30,32,33,34] 
list816 = [63,64,66,69,70,71,72,74] 
list817 = [85,86,88,89,92,95,96,97] 
list818 = [8,9,10,13,15] 
list819 = [74,73,71,68,65,62,60,59] 
list820 = [51,48,45,44,41,38,36] 
list821 = [41,39,38,36,34,31] 
list822 = [58,59,60,62,64] 
list823 = [29,31,33,36,38,39,41,43] 
list824 = [1,2,4,5,7,10,11,14] 
list825 = [24,27,29,32,33,35] 
list826 = [54,52,50,49,47,45] 
list827 = [30,29,27,24,21,19,16,14] 
list828 = [44,46,49,50,51,52,54] 
list829 = [24,25,28,31,34,36] 
list830 = [53,52,51,50,47] 
list831 = [63,62,60,58,57,56,54,51] 
list832 = [38,39,41,44,47,49,52] 
list833 = [97,96,93,90,87,84,83] 
list834 = [81,79,77,75,72,70] 
list835 = [36,35,32,31,29] 
list836 = [76,77,80,83,86,89,91] 
list837 = [21,22,24,27,28,30,32,33] 
list838 = [80,81,82,84,85,86] 
list839 = [94,93,91,88,85,84,81,79] 
list840 = [77,79,81,82,85,86,89,91] 
list841 = [42,39,36,35,32,29,27] 
list842 = [19,18,16,15,14] 
list843 = [63,62,60,57,55,54,53,51] 
list844 = [31,30,27,25,23,22,20,18] 
list845 = [35,37,38,40,42,45,46] 
list846 = [41,44,45,47,48,51] 
list847 = [19,21,23,26,29,31] 
list848 = [32,30,28,26,23] 
list849 = [31,33,35,37,38] 
list850 = [46,43,40,37,35,32] 
list851 = [81,80,77,74,71] 
list852 = [16,17,18,19,22] 
list853 = [67,65,64,62,61] 
list854 = [66,63,61,58,55,54,51] 
list855 = [46,49,52,54,56] 
list856 = [51,50,47,46,43] 
list857 = [30,32,33,35,36] 
list858 = [66,63,60,58,57,56,55] 
list859 = [67,64,61,59,56,55] 
list860 = [37,36,33,32,31] 
list861 = [87,88,91,92,93,95,96] 
list862 = [62,59,58,55,54] 
list863 = [12,10,9,8,5] 
list864 = [64,62,61,60,58] 
list865 = [16,18,21,24,27,28,29] 
list866 = [79,78,76,73,71,70,69,66] 
list867 = [87,85,84,82,81,79,77] 
list868 = [74,76,79,81,82,83,86,89] 
list869 = [91,89,87,85,84,81,78,77] 
list870 = [75,72,71,68,65,64,62,59] 
list871 = [52,55,58,60,62,64] 
list872 = [44,46,49,51,53,54,55,56] 
list873 = [65,63,62,59,56,55,52,51] 
list874 = [21,23,25,28,31,32,34,37] 
list875 = [81,79,78,76,73,72,69,67] 
list876 = [14,11,10,9,8,6,3] 
list877 = [59,56,55,53,51,49] 
list878 = [62,59,58,56,54,53,52,49] 
list879 = [45,48,49,51,53,55,56] 
list880 = [11,13,16,18,20,21,24] 
list881 = [27,26,23,22,19,18] 
list882 = [70,67,64,62,60,57,55] 
list883 = [96,94,91,90,88,86] 
list884 = [63,66,67,70,73] 
list885 = [5,8,11,14,16,19,21,22] 
list886 = [83,85,86,88,91,92] 
list887 = [40,39,36,35,34] 
list888 = [73,75,77,78,81,83] 
list889 = [50,49,47,46,44,41,38,35] 
list890 = [73,76,79,81,83,86,88,90] 
list891 = [15,16,18,20,21] 
list892 = [85,87,88,89,91] 
list893 = [71,73,75,76,77,79,80,83] 
list894 = [28,25,22,21,20] 
list895 = [15,17,19,20,21,24,25] 
list896 = [40,39,37,34,31,30,27,25] 
list897 = [90,87,86,83,81,78,76,75] 
list898 = [32,31,28,25,24,21,18] 
list899 = [9,11,14,16,18] 
list900 = [9,10,11,14,16,19,21,22] 
list901 = [14,13,12,10,9,7,6] 
list902 = [53,50,48,46,43,42] 
list903 = [51,54,56,59,61,63,66,68] 
list904 = [39,41,43,44,47,50,53] 
list905 = [77,75,74,73,72,70,68] 
list906 = [40,43,46,48,50,52,54] 
list907 = [44,46,49,50,53,55,58,59] 
list908 = [13,14,15,18,20,21,24] 
list909 = [13,16,18,20,23,25] 
list910 = [16,19,20,23,26] 
list911 = [34,35,36,38,41,43] 
list912 = [62,59,58,56,55,53,52] 
list913 = [14,13,10,8,5,4,2] 
list914 = [14,13,12,9,6,4] 
list915 = [25,23,21,19,16,15] 
list916 = [64,63,60,57,55,53,50,48] 
list917 = [51,53,54,55,56,58,60] 
list918 = [74,72,69,66,64,63,61,58] 
list919 = [6,9,11,14,15,18,19] 
list920 = [69,72,73,76,78,79] 
list921 = [47,45,43,41,39] 
list922 = [30,28,26,23,20,19,17] 
list923 = [11,9,7,6,5,2,1] 
list924 = [53,51,50,49,48,45] 
list925 = [56,58,59,60,63,65,67] 
list926 = [88,85,84,81,79,78,77] 
list927 = [90,87,85,84,81,80,77] 
list928 = [49,46,45,42,40,37,36] 
list929 = [26,24,23,22,20,18] 
list930 = [45,43,42,41,38] 
list931 = [66,68,69,72,75] 
list932 = [25,24,21,20,17,14] 
list933 = [50,52,55,56,57,59,60,63] 
list934 = [15,14,13,10,9,6] 
list935 = [47,46,44,42,41,39] 
list936 = [75,77,79,80,83,85,86,88] 
list937 = [13,10,7,4,3] 
list938 = [95,92,89,87,84,81] 
list939 = [88,89,91,94,95,97,99] 
list940 = [79,76,74,71,68,66,65] 
list941 = [83,85,86,87,89,90,92] 
list942 = [44,45,46,48,51] 
list943 = [20,17,16,14,12] 
list944 = [59,60,63,65,67,70,72,75] 
list945 = [11,12,13,14,16,18] 
list946 = [63,60,59,57,55,53,51] 
list947 = [39,36,34,33,31,30,27,24] 
list948 = [61,59,58,56,53] 
list949 = [34,31,29,27,24] 
list950 = [66,67,68,70,73,74,77] 
list951 = [88,90,91,93,96,97,98] 
list952 = [58,59,61,64,65,68,71] 
list953 = [19,16,15,14,11,10] 
list954 = [34,31,28,25,23,21,18,16] 
list955 = [9,12,15,16,19,22] 
list956 = [11,13,16,19,20,23,24] 
list957 = [97,96,95,94,93,92,89] 
list958 = [33,30,29,28,26] 
list959 = [2,3,4,5,7,8] 
list960 = [57,60,61,64,67] 
list961 = [23,25,27,29,31,34,37,38] 
list962 = [70,67,65,64,61] 
list963 = [80,79,78,77,75,72] 
list964 = [43,40,38,37,34] 
list965 = [56,58,59,61,62,64] 
list966 = [54,57,58,60,62,64,67,69] 
list967 = [36,33,30,27,26,25] 
list968 = [48,50,53,56,59,62,63] 
list969 = [61,59,58,57,55,53] 
list970 = [81,82,83,85,86,89,92] 
list971 = [37,40,43,45,47,49,51] 
list972 = [99,97,95,92,89] 
list973 = [30,32,35,37,38] 
list974 = [52,53,54,57,59,60,61,62] 
list975 = [58,56,53,51,50] 
list976 = [30,29,26,25,24] 
list977 = [16,15,13,11,8,6] 
list978 = [26,23,21,20,19,18] 
list979 = [72,71,68,67,66,63,60] 
list980 = [18,15,13,12,9,6] 
list981 = [70,69,68,67,66,65] 
list982 = [64,66,68,71,72,74,76] 
list983 = [47,45,43,40,38] 
list984 = [9,12,13,14,15,17,19,20] 
list985 = [50,52,54,55,57,59,62,65] 
list986 = [17,15,14,12,10] 
list987 = [26,25,23,22,20,18,16,15] 
list988 = [82,80,78,77,75] 
list989 = [96,95,93,92,89] 
list990 = [22,23,25,28,29,32,33,35] 
list991 = [35,37,40,42,44,47,50] 
list992 = [74,73,70,69,67,64] 
list993 = [19,17,14,12,11,8,5,3] 
list994 = [62,64,67,68,70] 
list995 = [69,71,73,74,76,78] 
list996 = [7,8,9,10,13,14] 
list997 = [84,82,80,78,76,75,72] 
list998 = [18,21,24,25,26] 
list999 = [54,56,57,60,62,64,65] 
list1000 = [62,63,66,68,70,73] 
